-0.18462180485252366,-0.6612044274456497,0.38891228800734073,-0.2399964332154479
1.2622550118010767,-1.1855818691943423,0.046186707145989714,0.10907163406661652
1.3645744954785326,0.7797136121594836,-0.2700920609751542,-0.20659943278110426
-1.393824804238561,-1.0943641185355792,-0.031507422419848,-0.22413194949076803
0.6265770210116344,1.2849450107593676,0.12272309561624048,-0.14123749475366465
-1.2154691168737108,1.0859842825509451,0.05945845650113357,0.17198878477596447
-1.2902963307080704,-1.500082844513242,0.132055874482991,-0.2163471535646936
0.34313856594219594,-1.3284885079034456,0.4527244501121013,-0.020690295853017238
0.20567827690224538,1.7452573011531052,0.1075967849220077,-0.10459834998123958
1.9561495158284887,-0.2836136892488459,-0.07655719086176298,0.12152036601908765
-1.7385115017705344,1.334744147975432,-0.08255432737280213,0.021826414506356
-0.49736873002679216,1.4079402378020487,0.058755861445036986,0.1308515909612542
-0.40948702668571624,-0.8309151465167801,0.18505033912625685,-0.30086309401788236
-0.7389205472015781,-0.0866985862419627,-0.6589614956603665,-0.17097458997683077
0.06356726945438806,1.0104470818815514,0.27412762873494734,-0.0629279014883099
0.32546512615571244,0.2501153228962112,-0.26541974732378437,-0.7666817827046777
0.5486901852676946,0.2051389620608477,-0.44530763351722785,-0.41543613140749514
1.848643158223961,0.5030490243253203,-0.11819910715211504,0.12038070916226595
0.7911570418989515,0.6218327152670047,-0.13884104495115573,-0.34969170420649914
0.47369278129891823,-0.3123238522228755,-0.24226248184222313,0.4277054746926867
1.9887025951385615,-0.17278218511666088,-0.07369720885788779,0.00878299079321974
-0.22263151737898124,1.5762621809499424,0.31871057049291573,0.02383322363039149
-1.596392470066848,-1.7760817336113166,0.015276450063742572,-0.179619318910435
-1.1647720579744356,0.3749850307596394,-0.2619183362889749,0.22410148416423464
-0.16279611715852482,0.7608755881265488,0.5188300427769431,0.052214285258778526
-1.7891892680447796,1.7417909314300162,-0.07580234551295414,0.05269372626891626
-0.45302362677391006,0.038727030470855794,-0.7869912920185798,0.10877325893656731
-0.38515809684985136,-1.0468431695099252,0.21846957777850412,-0.16284732572325916
0.25776287926900787,-1.4917176054669263,0.1338237473842236,-0.06760014428027131
-0.1656447971573396,0.20158879932521323,0.29149939294162824,1.3114217193028033
-0.1386112003973241,1.8102318230891044,0.1721732556712633,0.07240863902951733
1.1539277042475682,1.2556135998685747,-0.15228899226682283,-0.17657140100477509
-0.47234804715502277,-1.0112660213047606,0.26484277266818573,-0.2545871977048647
-1.573186330577657,0.9156175090953025,-0.09570007323525313,0.33928259847906267
1.0804098201126862,-0.6587921702512856,-0.19189911324457398,0.33188180450397997
1.2311568209880384,-0.6928516305631338,-0.23509873569593698,0.26919380134283655
0.440982244205844,0.31854813083080247,-0.13762251514997836,-0.4294516991485634
1.8448183756107155,-1.4568778355852166,-0.027019957775068985,0.22247312955594922
1.2532891639245416,0.6500450599084151,-0.1914723475853416,-0.11367624137688875
-1.9784574267654298,-1.0637785576808771,0.030737177225635362,0.09306481950895884
-0.6404354956638341,-1.0124929138182952,0.10013563472334258,-0.26152314264021015
1.6546900192553609,1.9477157340728368,-0.03247979497743214,-0.25077167209414514
1.2648367192483008,-0.6609354184851632,-0.24475383153284253,0.16221032240692523
-0.15975539003936934,-1.280520996748662,0.13075527575334564,-0.1348953057687991
1.9495316847796933,1.717880002448053,0.004539205799909657,-0.19817232865635398
-1.7348623504932772,-1.8797057199744724,0.015339397396961017,-0.08079592274516328
-0.9646737868480786,-1.2961566322357898,-0.15748064402249418,-0.2734057503467102
-0.6530247137339704,-0.6273991974456785,-0.15298303392455012,-0.5214123474253002
-1.6849877802112525,-0.08629369812204724,-0.3455216882999765,-0.026389658853924514
-1.9469750190870694,-0.16712918502206398,-0.14840798144040157,-0.2233602858374322
0.023329600190602928,-0.10989247192273988,2.7410991538500395,1.3808920355260867
-1.7756599848044217,-1.189487763466698,-0.09840832896700455,-0.09644853296625941
-0.8555385941044196,-0.7959779558881266,0.1414516774816938,-0.2044933827453727
1.7546600937293548,-1.7447053989528705,-0.08542647925876662,0.3763115283286519
1.8517493524748314,-0.5460031037315893,-0.13458240974311933,0.10928672710862397
-0.19733597017613214,0.7056794428693056,0.37050147686898977,0.2903047859775828
-0.585443219110064,0.219507814467637,-0.4906041190118065,0.5826738440690706
1.7997050028636368,0.5958885400999185,-0.1751090496115709,-0.09717294093414679
-1.947798629528894,-1.7778238998337517,-0.21895146804105625,-0.04197221461400251
-1.8646316097880722,0.5665195181018605,-0.1083775058517758,0.1523610936222782
-0.3496061016778551,1.6790262601025527,0.17469056615466236,0.11102173600755941
-1.3641499958552337,1.3801952365772778,0.1711019042326264,0.23781193410418563
-1.8147213595612839,-0.6591170493627465,-0.26728730611356655,-0.05132536048255837
-1.217756264167289,-0.09666277719737826,-0.3669488937673681,0.009709866835739815
-0.06438303369987519,-1.7493675244962583,0.20264415865061228,-0.06381151268256668
0.46818844986234254,-0.22890816892385768,-0.3746363702350465,0.6118591633603526
-0.3653651538130913,-0.5895443621766092,0.29777562957263304,-0.328587125581228
0.778229203061378,1.1460139141682442,0.15575950952135625,-0.19874472881800345
-1.0344614292696228,0.8838015266910086,0.04081968841046549,0.27664958909701876
-0.1971705981574603,-1.205607416320083,0.19628964134815408,-0.06651768964366038
-0.7826199309931319,1.1179988982523676,-0.012374301092240095,0.4881225959233064
-0.8666121095140431,-1.2592606117215182,0.033369228735845,-0.2569466908417189
1.6250126494551758,0.5206593570416964,-0.2814264958704602,-0.1682704748863882
1.7628240286832657,1.1712945292922168,-0.01027327612850519,-0.18594935637403937
-1.0599946723933846,-0.9970128185960956,-0.14252023922372078,-0.2706604103211983
0.7838670134067214,0.9336200730594864,-0.0033265670846452516,-0.2664275378513568
1.103532979379282,0.9036674551592041,0.10955669900858711,-0.19841528027451677
1.2666245795120603,-0.10133969788847574,-0.43296560938952144,-0.01741965281333218
-1.1339594510551532,1.9614020183822505,0.019216528996673005,0.2402087187884089
-0.36310999824376866,1.7362913755319602,0.2566224367359315,-0.18119537179392192
0.7871232000082817,-1.0442618243789572,0.05096583164230585,0.13168165015789257
1.8292604625016833,-0.5824147879115906,0.07101989863602781,0.2411932752524045
-1.315001437291706,-0.043055670944330604,-0.3428680379031023,0.05585000854096939
-0.4638703664128556,-0.425063274404331,-0.10706664850400963,-0.4386407298121437
1.6780875305853873,0.15990526504000213,-0.10734960206731103,-0.14023189649067602
-0.4457896640611998,-0.5463174723748918,-0.0008217362556959817,-0.38701897291728926
-1.1429603634657823,-0.13998754418721981,-0.24896912285285694,-0.15506896414251514
1.0665020225362345,0.17408488205416806,-0.2110895389651502,-0.32922758034543753
-0.6316729843681554,1.7955116522275123,0.09469731896893666,0.2884306895003866
-1.2525494073950156,-1.7639358023475342,0.09544768078667579,-0.2590427430631571
-1.0495881783303087,-1.501755438506406,-0.07785247362947381,-0.10971552990702754
1.632722386265379,0.5813940381121094,-0.038935279080441476,-0.15789156625489853
1.1398951173539977,0.15829032884724148,-0.41382978622551375,-0.00644144568740973
0.8033682941810714,-0.522191863238028,-0.026466652241564234,0.29042814454554616
-1.6150858217319741,1.8195091324926969,-0.1317863917234056,0.02651707867645922
-1.1968501455456115,-0.9504608069279241,-0.17826469583338989,-0.17643990796388215
-1.1841496240947502,0.4151824806571911,-0.16426648159709528,0.17074906947162044
-1.88611954519885,-1.053789466356894,-0.09001095145036088,-0.2530907059752068
-0.7783470174183815,-1.5248958317404209,0.12139547768526002,-0.11715971559075325
0.6865336765124579,0.43424336971846067,-0.09858806351095761,-0.4972809806437404
-0.98110594519187,0.5724663760102038,-0.16982260074702976,0.11659030059909581
0.05410231465297377,0.6173313246869898,0.43456279463011904,-0.26808261462868954
-0.18191407913111046,-1.836600572214273,0.0341479930849391,-0.09554570468923824
-1.3393597784602598,-0.9947498633093983,-0.07280037072872374,-0.3176209504731142
-1.0710420517916925,-1.8627112339676701,0.09741408120968853,-0.14401938499853237
1.6733688662189503,0.6918734242855393,-0.09252807778107724,-0.1616887269887857
-0.13868034258035244,1.4689039892882296,0.22929795718856832,-0.005132964159623228
-0.4508200065826249,1.545197239871145,0.18852299584268528,0.011569112656664285
-1.2914746468773468,1.9097002097317803,-0.026021424482853273,0.2662559473048277
-1.1368393612135996,-1.3822643839622004,-0.04641076099145963,-0.1720235450685125
0.0683232636792126,0.7589088655942207,0.5947502732899984,0.03021742394015413
1.0190976058765169,0.22909098019631013,-0.2042275438834285,-0.1749188149539041
-1.4892225488733342,-0.6678833384335596,-0.018921663881908357,-0.24894407125259416
-1.1539981840770692,0.4064695824952391,-0.15920241298809337,0.18210656343757248
-0.04850965990316114,-1.1716195023068217,0.2945164840923747,-0.05087599887184251
1.9227690879016412,1.4243635777426964,-0.02560239382659779,-0.27390669893370156
-1.002687909791168,1.9306538328511995,-0.008843189432160739,0.012966183227459613
-1.0047402591296737,0.5152073926572753,-0.28668025499712085,0.32506622715122396
1.2642924772273392,-0.7597388269827738,-0.2540453167497706,0.25496362620744967
-1.6479251146455685,-0.6957641881953163,-0.24900222757169266,-0.00944824584696205
-0.12781670641291365,-1.3175076992885502,0.4539927834638776,0.041343088591653365
-1.9309156254937183,1.7211939288565792,0.06691139620421993,0.25579850858347586
-1.8512332619110743,0.8899454422699913,-0.04099851508517971,0.06206633099381326
-1.6557641855344771,-1.5860886081076306,0.21420149457827098,-0.15663297188111439
1.541327189306553,-0.8518375926376378,-0.07872271350788396,0.28893952490856994
-0.2370732931581765,-1.8377659602437304,0.21954871638116208,0.025029809524161548
0.22470255683336493,-1.6626167196850359,0.16264958274110541,0.17505889855758897
-1.0974005171885426,-1.8299635206213272,0.13548254781110336,-0.13612886260958207
1.4542753881024404,-1.199474579055226,0.07229420199292132,0.29523787114853156
-1.5158228259157487,-0.8356931929889369,-0.14675770586320847,-0.16547238613912388
-1.462577688039159,1.9307466940696187,0.13874268783249627,0.26709316556644846
-1.8280697177323288,1.756148833699485,-0.07130581446469363,0.3109044102585943
-1.6754329493614186,-1.1929469510192408,-0.11508890306764627,-0.19524620517900582
0.4470143587432105,-1.275542889799,0.08480795251114001,0.18944295820065118
-1.7190587602858556,0.667275176313562,-0.06327902171010838,0.1096448291432853
-1.053781841449803,-0.3071722105724266,-0.31226075204090786,-0.08923888113226418
1.0897586237664592,-0.3361106457886138,-0.25393089009083286,0.3669517610142688
1.8379697285509495,-1.3643245434811044,-0.1722457416648525,0.12760725880730803
1.8530289138021052,-1.4224950138505092,0.07235177903815877,0.11722955964836751
0.697750243120808,1.468328808265773,0.08219666973409068,-0.3744602470823386
0.9439188917370469,0.960718989160692,0.03314273374445949,-0.14309536863694094
-1.4134748902132697,1.2624059744989249,-0.08340268444620606,0.2625988044355918
1.5115700746037688,-1.836874893078269,-0.14331195715535502,-0.10804799817136956
-0.05018528236039721,-0.2085137806332722,1.3747443858895667,-0.7892252175134535
-1.150262518208272,-1.7806468341934876,0.04586937978270106,-0.27528210671486997
-0.4419183340533266,-0.8901347224835159,0.36156439664331197,-0.2946168070690974
0.11534672431173076,1.1084753854748448,0.21409853276557128,-0.16472440515150694
0.47448477023488866,0.8845760508282221,0.32672156843109407,-0.18418238068604442
0.4088172145877027,-1.5047238420474476,0.24926998528195296,0.031225979554148214
1.5923866538121314,1.1660019198046205,-0.07011980330037104,-0.07561938099307486
-0.7382520250786269,0.5929832305561087,-0.27040532029557074,0.3439593999230323
0.9526798839222756,0.3395359672315026,-0.23480352755252812,-0.0401968883841225
-1.9625915317121678,-0.5762604508264992,-0.1570801201918241,-0.17392336105473316
-1.3009195422325202,0.1120583533916446,-0.17542752578165316,0.07752697683871293
-1.7743644626574335,1.5450124022350256,0.08081298352189754,0.21292276791026649
1.0808473579501303,1.0017324095443492,0.06935701595078708,-0.06799585976256875
-1.352246411405825,0.04068560155187129,-0.2923508057197457,0.25446317228154736
0.8879510718102721,-0.38215154239074867,-0.3119012467451284,0.3393255192137332
1.492644071244972,0.7036827758654995,-0.12329841221330168,-0.2877500997451807
-1.9632994554126446,-1.8596040322422587,-0.085033683569237,-0.19057354639222437
-1.2726870194665039,0.160160408139582,-0.19666985266321432,0.17298461041941093
-1.4199787484596285,1.849857555369867,0.07253445440025197,0.19968220902418277
0.5528029154814087,0.9897730341886373,0.012146814796941463,-0.3228953161214748
1.3373280724358896,-1.0153333554621793,-0.00900443923428551,0.2522363636002053
-0.606541254306967,0.7069301448420235,0.08654588942591765,0.32879687552391346
0.8374414257568881,-1.8062801804676525,0.06897139744698305,0.09410845482859032
0.6866231620495595,-1.0888165904561338,0.07434959166501141,0.2742579243705903
-0.327199774985131,-1.3644098204658555,0.09447243125391772,-0.06187968797855861
-1.811486454800188,0.2128374990337356,0.02099437089561712,0.02814801523285206
-0.46761131067118233,1.8304345219662093,0.21061966468525212,0.00434564800177803
0.7775077977311251,-1.8094995803039318,0.06944897666509,0.12118870714198735
1.5795688290785295,0.8624108313271042,-0.15766601379390838,-0.13452309889286374
1.701853588410593,1.6836979595537254,-0.11161500588862466,-0.20429057804934322
-1.1400127757429361,-1.64615217465089,-0.00923301812302929,0.004357194157057542
1.0674326049233902,-0.758894589645267,0.12380947364984426,0.24142696626628127
1.8746493040740924,0.9177028222112145,-0.24954029225203775,-0.21672504118140012
0.4086882037128703,-0.11992751774355259,-0.6603772429069253,0.2153840751316935
0.4547918028506248,-0.058956437848129095,-0.9853714114601704,0.06508794347339011
0.013603431322475767,1.1221952362196697,0.24879413605667702,0.014450781420379397
-0.5231664594899015,-1.5164385446694224,0.03866037827301097,-0.1380942650091086
1.397823230981023,-1.9519973759976739,0.09868105742009006,0.20497372354358276
-1.8070463700650987,-1.4331900094872667,-0.11947795105794355,-0.1492835557688885
1.8788975580734792,0.8297188308086247,-0.01434612373665875,-0.1679689868867892
0.3980791323716617,-0.7457342777783258,0.17116827827230302,0.3539538415575785
-0.38004990018093654,1.7909612937855095,0.11274294620495871,0.17034604608387116
-0.30967120974573525,0.29791216671077025,-0.18544590936533403,0.8030447013560698
-0.29113129644686486,-1.0587719229213772,0.23566152180103273,-0.11380183686299936
-0.3183717337937382,0.5801818384869324,0.18338787122665332,0.2848571246952346
-1.1099977714423859,1.968987940896128,0.14324904385207243,0.2718402624473858
0.32718359159193744,-1.4641311435836344,0.31053705317406405,-0.02730857415250118
-0.835374287631252,-0.2129079165653187,-0.3444515892471091,-0.39695257212699153
-1.893340185694845,-1.3500297569669102,-0.21671883900456768,-0.008133402978147686
-1.7110725539837328,0.9777279690499525,-0.1379207513121985,0.009262035054028589
0.9206251671835286,1.3012213919623177,0.1769355334257124,-0.053524156481506574
-0.07987273556645569,-1.7350336700850013,0.19356859721995998,-0.0193677224193055
-1.8837180465343488,-0.47017731209468705,-0.12686479242338558,-0.009953171550924358
-1.2944068845086378,-0.1409359233608254,-0.37869611122826063,-0.030538999911877023
-0.5129291275402217,-0.8225138366336653,0.14592732590205837,-0.2865591553929573
1.5802108164543114,-0.6875422837624194,0.05973865109026469,0.1432954530695041
1.0852318109952948,0.49396414699914404,-0.3128532071330174,-0.24037273397414385
-0.4182641550661157,0.18567454566467045,-0.519696769620185,0.5398522244734993
-1.9799510180701745,-1.7758446277721163,-0.016160295749082808,-0.010039056075951625
-0.12342155100121754,-0.41360510279870644,0.7016474561968716,-0.3919409495151058
0.6684380869587541,-0.45039005296790613,-3.929511796094132e-05,0.3958119652598198
0.7112554371386284,1.020302835499208,0.05599426502236407,-0.15293453694232378
-0.5325772878801778,-0.2728878607913905,-0.3476161535298857,-0.5435709747111739
1.0627907610207314,-1.739982462288455,0.07647542163683585,0.2952498502197361
1.3586901880471882,-1.9902103801116362,0.15272299405469414,0.018974936026180722
1.1129460073815656,0.8597660826519649,-0.19494020513435886,-0.2856015260586545
-1.1437008478862274,0.7467179326614244,0.06724110994564045,0.15739266210783454
-1.2171762898158889,-1.2821333692461785,0.21012772727302498,-0.2858465787066923
-0.58617620196036,-1.0949759518462079,0.01229172156838193,-0.091665510470954
1.4712847262357895,0.8908149574956603,-0.05976290554647306,-0.2617322700574495
1.2568484733082874,-0.7363572592623506,-0.0011925921833359776,0.28735895227919417
0.0914933793762609,-1.639408118337291,0.16996612491185675,-0.008899892681429933
-0.6218268257152184,1.1034654509762651,0.2382792358132289,0.29829732929731123
-1.9201081871180512,0.22977195904073788,-0.1604427801725559,0.15016411393771448
-0.5572385575885215,0.6611668328528273,0.0669350475184548,0.44412627629473433
1.877121260821227,-0.9918337844586635,-0.17202149440591746,0.22938501000788414
-0.7616738500299465,0.6362383196750638,-0.03198273247791282,0.21157747088160062
0.8278185727977627,1.5362450512532906,0.06923553426436663,-0.19144827200235612
-1.2206729063046549,1.8861685026699866,0.11009068683969397,0.0871750636721879
-1.373484766878494,0.6824193038171043,-0.13260701716771553,0.39936279248080875
-0.07766306263376022,0.783482182097003,0.45680840324943606,0.06851407132769953
-0.7930172903591646,-1.3995122739203416,0.15055894820790852,-0.1422063938625226
-0.7354126344847662,0.09152331948818127,-0.18731510236011645,0.16865239543378124
-0.4347959573495501,0.48634287429985656,-0.011601561561803517,0.5683318510447821
0.2918342013693258,-0.17464530365439446,-0.5884097997412102,0.8210080326322782
-1.058671814221301,1.2202982915266753,0.3053346253876872,0.21838855041577288
0.6191464975172551,1.8982908217143852,0.18509826163160265,-0.15458795564509892
-1.9827691849478888,-0.9433635562434222,-0.20722973952871365,-0.05163459753210878
-1.8208563034237994,-1.8971626427506587,-0.12859518040125167,-0.10014226231947362
-0.046657718372165924,0.1323017484233442,1.9799367198712117,1.498005179196407
-0.7623720902334497,1.5891538872165079,0.10153404217609577,0.21282345438273775
1.597070527274162,0.06110123467743245,-0.24526465148905507,-0.18307400181954722
1.6472399784345035,-0.5741788896375257,-0.17819846879772844,0.05652331015409666
-1.661721156034349,-0.03994827885287666,-0.09424469123542216,-0.02951922448510441
1.2312505738537567,-0.2999956034100153,-0.47081777216594967,0.11323166740172577
1.2102530860484944,0.952584051398925,-0.2521619634758281,-0.2934296529770798
-0.03603193763002155,1.4282911302896721,0.3442357670917633,0.1919047154929447
-0.8359283286202168,-1.05414814417404,-0.013322726781951566,-0.3152464954333131
-0.9241101528628541,1.8380929753742858,-0.07094386286340026,0.21190899440992342
-0.20722064397935824,1.497372098223427,0.34070454826210483,0.1270922999157774
-0.8044422787888905,-0.7314068113599301,-0.006558882539764853,-0.2733157488599986
-0.39940140673702373,-1.4781739616992033,0.1042953884427674,-0.09630647812738405
-0.9558130452550277,1.3309408727436303,0.1637531182008251,0.11401644646093263
0.4018467538498891,-0.9769182325564327,0.15284989860163983,0.2655137242626531
-1.1204002324758844,-1.511783045947456,-0.1862372496534774,-0.3065069482557631
-1.6635141542623466,-1.2024287862769034,0.000595279253108684,-0.29678024809355186
-0.07106814002902029,-1.0571489096065445,0.43567547023772785,0.024175708722429495
1.2216633644167008,1.4293651305155968,0.019192755353671424,-0.394304982704748
1.114686662728741,1.6972233405982404,0.097139675086797,-0.2366654489533205
-0.07796668733916601,0.06599724869631673,-0.6170103607817361,3.2592835583893542
-1.9965699339622764,1.3070764159246675,-0.006489730353742736,-0.0012013574054537401
-1.5377992627003905,-1.7507763236321647,-0.001007449270726924,-0.31955489104042323
1.0927370942277066,1.9910998574731997,-0.040395717258906366,-0.07928268611260328
-1.9329541117959224,-0.6867093826160198,-0.10263013766959311,-0.08819865714007671
-1.9778626898954896,-1.573597225155237,-0.0073796516042903965,-0.008303327605709676
-1.4748793945487049,-0.6002904186823259,-0.20368579455487226,-0.11512968405855895
-0.7220201564080351,-0.08762427352334967,-0.49690918660013234,-0.17358540266911307
0.5508836355444857,1.8411698900528655,0.24220818974923713,-0.05404102614705371
0.24746952764992525,-0.9142360978321551,0.4206069097985796,0.15773525486179238
1.5940407283936313,-0.9750035475020447,-0.11841782061785194,0.11960625044943535
0.9770396781356974,0.6541311800800695,0.0015261475559162352,-0.21162487569425487
0.9287273445727093,-0.18294436099132572,-0.2942292805226185,0.23757595760869432
-1.4092857433759347,-1.1119645083870915,0.10609548105294339,-0.13761068330599607
1.1285292753209601,-1.0675570121678897,-0.09760059576755971,0.2189902523626918
1.7451078620515457,-1.8577761736819105,0.04390417615305544,0.19413622641940367
1.1179313790413485,-1.9816077368629803,-0.023451153499868177,0.11332644302290701
1.8003645107651347,-0.3740414789186981,-0.2158358127338555,0.15408738561262597
-1.6152105359386368,1.705295708442645,-0.057271118429552376,-0.019915958614491275
1.0250639399395274,0.8280129596276304,-0.057878531223146186,-0.09055082260637884
1.4329868449550753,-0.5056417124274737,-0.19563284803688272,0.19565535742262155
1.1271311421392407,0.3148707010909253,-0.21553979195770415,-0.04695181260997444
1.20048078737898,0.8688901954264887,-0.09289795345116912,-0.11389905105979527
-1.2555456319872813,0.5997603444562856,-0.22024110878115183,0.012826709460378283
-1.1322099120434932,1.197239190054734,-0.18282943751020606,0.21500354794317467
-1.802724822799791,-0.4700521225089722,-0.3025218813603296,-0.11834448421930438
0.11766801463600896,0.42908718435593407,0.6775530694201056,-0.4511686272238307
-1.5711351966277838,0.19238924835908833,-0.1557182332999984,0.10209988035627462
0.04699416243465482,-0.009166632534673536,-6.6446569906226935,2.865977265207599
-1.3923836871838073,-0.09134827959830227,-0.27867746488868655,0.10248896628423126
-0.2770598431526299,1.597165800500692,0.15919008687876998,0.20974939012922997
1.43246353181266,-1.3899294782891989,0.21388366920055263,0.10492603822990942
-1.7538710609431925,1.2951220630795057,-0.044182114746351475,0.1935526699596328
-0.2377344692220693,-0.5119440753395552,0.43204679362387416,-0.581516958926429
-1.3693735797859916,0.8328295272819228,-0.18878904907075128,0.1594411202573489
1.4257899721691074,-1.8990533390831468,0.0072031414309834535,0.09029056581641791
0.21569095789492332,1.5454051492515442,0.07715871657820778,-0.09105014518806145
-1.1897089203609554,1.889026056540418,0.19986039522956653,0.1413348101260118
-0.2805037863894393,0.5692176184031368,0.3346716624447407,0.38953093783592313
1.345921080328015,0.40807679940435504,-0.09092584732206949,-0.075989040864268
-1.6036056172873527,-0.9876172127824425,-0.22689369748853122,-0.2219255193301061
-0.6376814011760668,1.8755546628219202,0.05963789518722963,0.02022970640223061
0.8869993745507587,-0.09896768665321032,-0.4483609170858399,0.03999304298236012
1.6051819706633692,-0.1542728458351359,-0.11039970412858108,-0.007062021203059543
1.4724327106756463,-1.0235696977349154,-0.01957059053694908,0.18618130192097368
-0.9620483463023999,-1.3672403306184369,-0.10689876691419792,-0.21672749896053886
0.9437286422188955,-0.8175864699287567,-0.06522248299859316,0.08942252384762345
0.2955909437398918,1.0954521624717768,0.2779600457402135,-0.10558550708821604
1.9963173127382379,0.7758629707545546,-0.19566202308270042,-0.07146683433060749
0.0013687328974176793,1.0803740597243232,0.43082053893001065,0.0658589255049379
-0.14521779511648436,1.8358102202600293,0.2475883306042815,-0.0006876769719296981
0.8477498642135268,-0.2851076379580144,-0.5322086558135067,0.24585855414835434
-1.8365187262433254,1.4933332679683282,-0.2466104731962677,0.1090821698408854
0.29475103184789964,1.9803973721152244,0.34310037808194704,0.012529439363738834
1.9729147114294112,-0.8242061283408808,-0.13980110449660046,0.11649919064959946
1.438125131746447,-0.4741393157558562,-0.2034874726559239,0.2332130380486479
-0.10669845892056129,-1.7155783540094758,0.23252356546222627,-0.11790413795501282
-1.72184967879994,1.409676493205453,-0.052982038490916844,0.10598316663997595
-0.9593085567940873,1.3655117953873392,0.21285822849157127,0.14106147528901888
-1.2837745781664864,-0.8038131159918183,-0.2760180888893838,-0.08618864016651297
-0.32350492180054147,0.7051748003326508,0.34405817502078756,0.2297053914883216
-1.6857009151685904,1.1123967206123986,-0.135881149488501,0.05510372767100025
0.7167007040245723,1.2090122229490676,0.16728181002360637,-0.43954117492951816
-1.778874968510411,0.15061095861693863,-0.20414922369441332,0.039699228942229554
1.6541897328565573,-1.873585873503464,-0.0525499036823721,0.08702216944748481
1.6061734784321073,-0.9566958705730597,0.03440780462784537,0.3590883392021931
1.450762710597016,0.2131703410294845,-0.07961128196271808,-0.12475189393073019
-0.46204476272661177,1.8034028645440485,0.15279557897460552,0.009734064914452722
0.058171474859915584,-0.30149598595285854,1.0759765456315837,0.5096361167020116
1.7021050871378032,1.815588297176626,-0.027215433096840692,-0.06275326501358833
0.2069781961805548,-0.17024097656107573,-0.22352032035894717,1.264382914145688
0.8685066287007599,-0.07087878680823767,-0.4411245323448054,0.09129255010305258
-0.8899671875035313,-0.9097634758151174,0.022832223075902255,-0.2607405657094625
-1.8478387023505851,-0.8116037088927603,-0.3537650845154884,-0.10899338652269681
1.113084798669513,1.0328754415360386,0.03555730138380358,-0.36746640535508146
-1.447723458203512,0.45426564194756747,-0.20819454916972385,0.15098113596527027
-0.9277922687681315,-0.10540863104505149,-0.45386615021906723,-0.22129469857241804
-1.7521878530096422,-1.5886999626194984,0.03165608938650732,-0.09603387368383196
-0.8647063182211929,-1.9762066707941983,0.054308948664108875,-0.18015179498993655
0.37776142911260946,0.8111967508501912,0.29013922764871286,-0.15599630081297391
-1.5054427235784718,1.191119624012246,0.02905237499989373,0.10725286815758114
-1.1643334194486274,0.7289498798493335,0.044057409339294806,0.10583079322846878
-0.8589775897551584,-1.9866075850607796,0.10938481316846273,0.02688576746149471
-0.480259215964713,1.503150834243944,0.16574365824153714,0.25592915705455666
0.8011189691457319,0.8610447318601735,-0.12058011729198978,-0.319689091917844
1.6188469094292555,0.04786090691562217,-0.25598856827953387,-0.026825151231900053
-0.44274639758180667,-0.3572315607449652,0.008166596164218609,-0.49167015941291425
1.2069994595166134,-0.7841006174758762,-0.17648563019409036,0.2461787797609462
-1.9914564859437767,0.40084751472806834,-0.16782810299035017,0.03290387154056317
1.620429153368638,-1.1273138775929876,-0.07995938725399356,0.2327466528007081
-1.1030668523624758,0.9014975599784503,-0.13202591003339237,0.33543648833142914
-1.9412961250714917,0.7139114287268096,-0.16772557869125218,0.1316655903578451
-0.25623050726699503,0.48996396592725944,0.27239166619520694,0.5393075754895498
0.20262722283263024,-0.15105635706108567,-0.5025368373505871,1.4400209379440143
-0.5567737630297693,0.919885367751339,0.16456620284944112,0.31283856912615376
1.8390748014536529,1.7213869689054384,0.09382557255778401,-0.16405584729432296
-0.8920171171780993,-0.8225008085997279,-0.003050293591799723,-0.2275398554605269
-0.6114913635689971,-1.2508756864222996,0.137234660034478,-0.1862106028220757
-0.20923059504629338,-0.284985411946415,0.22625100990177813,-0.9350739249633225
1.899975806288467,-0.14429238439882042,-0.17897460319799388,-0.23318895720204091
0.5932435157510145,-1.6371936818048303,0.22619794864290135,0.13444528560061558
-0.03737157395373192,1.3932518749864218,0.30926240470897515,0.006470984886055393
-0.19771969494770625,1.2742611402749047,0.15537553808258192,-0.012733019153097255
0.7712501271124736,1.6303119398503538,0.19632237715420625,-0.32260477629317064
0.6259159496215267,0.8397800312228423,-0.02650157948084282,-0.2494176413444273
1.9434448983437989,1.1727873192454976,-0.07880254033534523,-0.22490610393143395
0.027056722633378882,-1.0155911086835352,0.19836420297375593,-0.037113749699787923
1.5334240327006206,1.05862820200668,0.021831467244021643,0.0017449055050761941
-1.5764680241043316,-1.990958606425007,-0.024434384149521787,-0.11789576753463359
-1.579232006172473,-1.1732093986299228,-0.08065103879022348,-0.17463201678247076
-0.40649079283772194,-0.9294448908970163,0.32144199610310004,-0.26858958583032866
-1.8295667549960903,0.4688181590702971,-0.24270048170306296,0.08867441298411882
1.7859958970339083,1.8188947097497845,0.06580218273858207,-0.029118746543139562
-0.45461940961116776,-0.29939145161637715,-0.06656043528592953,-0.5160672911823446
0.24455292287827923,1.5432822692622161,0.1702594405154901,-0.12293931929839498
0.09472810306442847,0.3788679791097582,0.8328986929880845,-0.3695626250926664
0.4446507924749108,0.1333731483343623,-0.5530611976945136,-0.36153208578609014
0.1518831674302712,-0.3917419017911472,0.5550297342810601,0.7778112309037544
-1.7061380277053524,-1.5312899408554514,-0.10605860724596816,-0.09369109066974984
1.2438806495305492,1.652323039622479,0.06533522905117053,-0.19571924404999946
0.1510253658875187,-0.9376332088233692,0.3650851192822457,0.1124743489343453
-0.4479934208167555,1.245653522019774,0.2524689614255291,0.43670709000042135
1.3853382757234276,-1.8631759564785102,0.15933660506247355,0.003389666421483334
0.844412655281999,-0.6740892300340917,-0.11896719746861231,0.30737341085263115
-0.6294964548173261,-1.7588732081471297,0.19970766987533894,-0.1877466986538846
0.1295903840354633,-1.3449333384044784,0.02679117172916276,0.04290272019301579
1.8262585880480553,0.4480204322045682,-0.31924069758780105,-0.011651870234061432
1.6499468381932747,-1.7771620750128907,0.08146755472605914,0.11605253321357953
0.6118841218068081,1.7799356769742811,0.0298487043340408,-0.12349832070554288
1.2673255610540006,0.2122721899440494,-0.23650304327366511,-0.15817579478681995
-0.3089250854666643,1.0288082019555436,0.39222763615010037,0.18593611392225454
0.7893091247732111,-0.30153262550473947,-0.38918370572027144,0.09621260942560919
0.15370371381343784,-0.9742427635872968,0.2630689899640864,0.07831890439413369
-1.4903859806468769,-0.029055930051692158,-0.02081029368976703,0.038422708227202035
-0.8721333653827377,0.6580842778358944,-0.17415117049537776,0.2941547618294607
-1.8219160200280418,-0.10169803676542477,-0.09385992543835474,0.10918611599767214
1.2996988109085512,-1.8234435729435035,0.031361152962707875,0.23562080168416571
1.451204464184868,1.920449069502986,-0.157611492822756,-0.10852112916306861
0.05382805162344084,1.9080432753466794,0.032933277823192025,0.044511973932404164
-1.9025627907973486,1.34703359421919,-0.04723391938065821,0.16633329062524108
0.25499705567771347,0.5110995116983434,0.45890343974311365,-0.534982894143996
0.07496102923870351,1.5192194668754402,0.13696023679686836,0.02039711901766275
1.8048578740443846,-1.8813099010959533,0.023726765652671372,0.11446080131483294
-0.23950316326735743,0.778285927382194,0.3443925175189591,0.3512232434704865
-1.3181171822404898,-1.1536190266575974,-0.19654312104809027,-0.05818145134567568
-0.5300821145837027,0.45262769970932837,-0.346717197575746,0.42517566594544287
-0.24616182143127174,-1.330199127227469,0.16963921808988963,-0.14373665245670195
0.5433186360233231,0.7087661317577343,0.23591978095070792,-0.6037941520531144
0.7803612942738671,-0.604246456570968,-0.15917158176142626,0.37307067432330804
0.48922063543285654,-0.10765685129049718,-0.5845136653091404,0.23995637090981703
-0.8189080653493499,-0.2123463938690806,-0.4725625971836182,-0.1534830598567805
1.6044140494034047,-1.228855228084842,-0.02236199566733917,0.0864786874362492
1.8091627073719518,-1.6255674772969426,-0.09890731741503654,0.23571936907686802
-0.17099778592701087,-1.565376914373982,0.17794272717543586,0.1550789787628805
0.784310414074123,1.9391133075582072,0.2546869557919768,-0.15630257292354388
-1.7726412178022066,-1.6887946904068003,0.039539493168814145,-0.14492472109905066
0.6053762481600891,-0.6940409534997807,0.03140999930759174,0.5922254433784899
-1.5265886290393795,0.9582311094552898,-0.22946644030645313,0.0778239923638767
-1.6043997746476113,1.2070904908788185,0.14940351535986918,0.08651423423111232
0.9465302607928376,0.2654546118631971,-0.3674149013205394,-0.3120915756873772
-1.1161972209070314,-0.793409298012461,-0.058089448185068504,-0.09786702954789578
0.6361050788942144,-0.3806915370709434,-0.05959637752402189,0.31830628142576495
-1.0588040968295132,0.545746912646246,-0.019078493349414,0.1805586741613569
0.13576321121756063,-1.9096635533128548,0.11614084134579991,-0.20883468082590095
-0.9497483887143865,-1.492986513884773,-0.05880847731050956,-0.24630017102636884
-1.4957601752709393,-0.048731366215320815,-0.3624391803516487,-0.01487042841366452
1.3903465810225937,-0.2375392102158176,-0.3954371328939922,0.06154041665492646
-0.7532145217196775,0.3979601756148248,-0.20744233017783434,0.3582970576084467
0.5926488618890007,-0.677487501939193,-0.06330395875266717,0.20938380123321892
-0.8753620281628249,-1.7196795863658654,0.24428684396269254,-0.14064153788393274
0.5946276131426567,-1.4529823728637896,0.10758431025638668,0.2016014152827828
-0.4999837465099337,0.76178983974232,0.12608646216170177,0.2899133791695237
-0.41916329159131305,-0.9336998024366334,0.24753537073950824,-0.01610297134262345
-1.4984334716023961,0.09037796749672733,-0.30401017764628946,-0.0577543333234074
0.650224220929466,-1.1402082359674335,0.04381240671054333,0.18111552265355643
1.7589838863478877,0.8374057268048949,-0.16668600873548925,-0.1420038373862819
0.22604471125449566,-1.7063002314570292,-0.03058322526562482,0.08571571432876379
1.4136991316724052,-0.8075993846481242,-0.006887441809995981,0.27596870148432434
-1.723914726539526,0.49598993377584355,-0.2469961456995129,0.20953301358621196
-1.7342484536537701,0.1841388144916798,-0.2873037315342688,-0.05923179522421636
0.323103800851932,1.4663240394087773,0.2486099172811753,-0.11680534680923796
1.0345304756260263,-1.4434564554485818,-0.058571540824592844,0.2570697158583951
0.8335329275222412,1.6142960827890152,0.1104761749501773,-0.14424116179984317
-0.4091112396390302,-0.43559039778435293,-0.005212240371993616,-0.7554031822235285
0.6999936473305959,-0.6540299451673364,0.034402052601147995,0.3450806659304143
1.7441144948978256,1.8074981774976653,-0.07068527026480702,-0.4046743097532238
1.7050110330043582,-0.8749823424812879,-0.176971225197897,0.26340951410432445
1.3775173149698587,0.9612206320556207,-0.13631144345051743,-0.018154546943322497
1.9680702511697779,-0.860848968526414,-0.08248828669933642,0.12840851761608857
0.5140336792345161,1.4078323929899255,0.09117296426362757,-0.06749120283681602
-1.7460030568464209,-1.6339081893310783,0.07145172342112843,-0.33202579090633844
-0.9284135759390946,-1.6026444267907412,0.12162191031245446,-0.20769360356221714
-0.5442404889458232,1.3085063637468748,0.03262052107486049,0.02122346873957187
-1.7635374951104796,1.438315706460989,0.07640343170940092,0.20990629822705667
-0.5642686902276837,-1.1102180534920167,0.2436734944709415,-0.23766722228777187
1.8349024442265747,-1.0387186340772572,-0.03978667288195616,0.09223612783036944
1.9862247741225012,0.9259842641179299,-0.15424578574276376,-0.1322534825554671
-0.8367871453058293,0.15433215010629642,-0.40968840404774537,0.07327141743202738
-0.6677498138078191,0.31864049855198795,-0.1455949846949272,0.3608512512959311
-0.7694018419964848,1.3814481569881996,0.24548831691662343,0.1844682638136913
-0.6343481864830358,1.9031445825448503,0.10517351695673416,0.17809924717536346
-1.5196959210642094,-0.47356989661436577,-0.14294913705331097,-0.09609790170072381
1.1410732293005759,-0.5492638531706162,-0.2523444104534778,0.12802791901212002
1.9353845787177377,1.7558699017475061,0.15321238498586454,-0.2515933809812031
1.2501727230187374,1.2352322349123357,-0.12076164133405438,-0.396864163451606
-1.9974943723184855,0.016457283330707728,-0.058871821755597034,0.03091732820987646
-0.508519539870349,1.1155061621405005,0.08984210014101683,0.1476886138626055
-1.1282845186317267,-1.163525082265732,0.04697132386166317,-0.28587552153169826
-0.32431502013021785,-1.1483460167522432,0.3637815075876122,-0.34867954510118454
0.9768230419466497,0.39018643165756695,-0.2607490017937577,-0.2120272048795498
1.6588635264347307,-0.5330685308091181,-0.26504475311311004,0.32829788213267275
0.7992235940322816,1.6183873734453411,-0.010328429621518975,-0.2118721181168489
-0.027284501666538397,0.46721526625810217,0.6152827193549635,0.14292737846506795
-0.7050743672841149,-1.5830907722338714,0.001505302438585543,0.07477330992720868
-0.6001661113919918,-0.3030235354294022,-0.5205069162063432,-0.2533805677571569
-1.2632825514173618,0.29493818568746244,-0.3635823364213088,0.2631862035548187
0.12173649064553249,-1.2832600860035144,0.16554607101454694,-0.09919293227333983
1.1253356010886923,-1.4149845383368844,0.0294828402076033,0.18142280831581337
1.911294093729703,-1.2449010788051034,-0.0678692125224207,0.07221708049379748
-1.9573008080700265,-0.47826106952454817,-0.2732610310000001,0.1222355516448996
1.2037140324345508,-1.7011907963131612,-0.13334627298463445,0.16902515629429607
-0.9474563139595196,-1.6014869542773047,0.11995178313691929,-0.16321674740012326
0.7760374031022961,-0.9462507521788099,0.07141364241979001,0.014316485594256911
0.11454110400664863,1.2289051941292617,0.39659032220041573,0.047772055073267344
1.5891778812500075,-0.865901484637182,-0.16047578017879513,0.1758064146862341
-1.6250410104274104,1.5696970753641541,0.06684050148937519,0.16111771306206907
0.7150875062454425,0.10717087459211472,-0.5046855084235289,-0.15615428245041701
1.0342455955729069,-1.9203921911407265,0.05021883523200872,0.07751460502684188
1.6928383141026844,0.502150350054372,-0.16369679313515983,-0.18627933219801268
1.6411056621063236,1.8966553399266153,0.04407248059408647,-0.02461622120384359
-1.68424402117408,-0.6723229259713777,-0.07941689728609952,0.03020508138275821
0.7708212707275397,-1.3293362132347726,0.18458470819796713,0.17578546938948553
1.8495186205383836,-1.034342541746041,-0.1021909454867487,0.3096617720430322
-0.2662504465111426,-0.4228417998357741,0.37666744735217494,-0.775274952107496
-1.6760367861550383,-0.7088879666825609,-0.1653922764784081,-0.23996221506742543
1.0499057827894065,-1.725360446182727,0.03520809317017142,0.23008524451987433
0.018188568294452256,-0.20465386579901734,1.698167744116679,0.2567067241455896
-0.264358777212208,-0.17630203709079728,-0.28206100547619317,-0.9687608112842426
1.9715655619864605,-1.5794630610543372,-0.08309328414907896,0.012344093625684935
-0.5036474637726855,0.07051663958019772,-0.5557698919265266,0.14995384454840807
0.7422362255378268,-1.6870835682246215,0.2518115593396909,-0.05450947141644216
-1.4307188439362029,-1.6471357598311647,-0.08259568943583538,-0.28033834315321104
0.07981321343444314,-0.6587531084747629,0.42022516557345735,0.19602531421454447
-0.9587174120401238,-1.3605595006902567,-0.011069514885405751,-0.19146978311073007
1.0588359344255567,1.2556516815702934,-0.03686106099993498,-0.11295418664662299
-1.2166706203130961,-0.0054999145707679276,-0.3199766994636396,-0.035194883490039394
-0.1859543420504539,-0.7256358254102646,0.7128210690517582,-0.23142648233727617
-0.6074958473647811,-0.6640313633783994,0.10675411228006891,-0.5967671358584534
1.0012348877450883,1.9301139401080691,0.1220457893217795,-0.12277294768703036
1.3006917606772452,0.5397706489903364,-0.07922498834731569,-0.16460546378088456
-1.2639298971684476,-1.2959838064456397,0.09642001276389983,-0.2827298986772773
-0.7421870904373105,-1.8058641810596487,0.058219530320107196,-0.040711986723366414
1.0838887786636109,1.659344702403169,0.05720813374616245,-0.22459669672428273
1.3970340764724538,0.2342244143944474,-0.29581451925308505,-0.14313140937425856
-1.67193833028095,-1.3268390938051238,-0.04086575438993503,-0.14475692702457796
0.5926411170965138,0.14482499466258858,-0.6052732543556543,-0.16962643971234825
-1.3308775238726294,1.6709481023511064,0.19613173254170108,0.24474243926558975
1.5573466097571003,-0.31839740229387736,-0.21806423247959275,0.030500483654737787
1.4508778902348491,0.7697944819787339,-0.1465622562601574,-0.06606056317332987
-0.3071778029729466,-1.7930361820123748,0.21579066827147556,-0.1846375376233698
-1.1910800929776775,-1.3105901737526486,-0.023127962729697714,-0.14194977405308085
-1.7603339344216797,-0.5591503957445965,-0.22155598854829933,-0.07814974008863806
-1.4165125532297904,1.439014743350656,-0.06847726062743628,0.1568502425663402
0.6429840790206005,-1.8915033733609667,0.28940637879581654,0.07078909047025891
0.07894846689485524,0.31895115709208266,1.0237892607416406,-0.2988107165472264
1.865601153460644,-0.9894829410554253,-0.0321338666295152,0.07484339792493991
-0.2190440158050473,-0.22850283738076804,0.08297455709155446,-1.0620956462574886
0.4584601867534155,-1.166431110094528,0.22341432726388905,0.2663004210603162
-1.3742332117299068,-0.4783855616272157,-0.27132667801532534,-0.1766384982368996
1.6054319915098239,-0.1018902692737047,-0.19319102357382267,-0.03448550199199643
0.24948193698131682,-1.1124565872340555,0.31040805699625884,0.3266885345137714
1.466971424850425,-0.7813003137741963,-0.13803881470340496,0.15109593190005172
-1.2663995966898702,0.1834501131682189,-0.4105662766430326,0.006102090478861413
-1.2017834670349523,-0.94645927046481,-0.07618868971152581,-0.1730064979876963
0.5782851714011121,0.5546888504675014,0.10369147819329899,-0.3383983082537025
0.4250682988113086,-0.30508924011176264,-0.17659920104716886,0.8202157398777806
-0.1868414821129991,-0.49396127808264856,0.5568340785914095,-0.4129356264218425
-0.6727625763825014,-1.390098534640868,0.17041600084906222,-0.13521653758754462
-0.34928348519073804,-1.3678565945597607,-0.0022358124000342317,-0.0818274035222177
-0.3583333405426141,-1.1188557841118683,0.2827516314784667,-0.22664710628396606
1.6353837470600507,-1.2159372300602338,0.04093277360099991,0.1961065802767848
1.0812730168353086,0.37244316189751103,-0.04157592602942797,-0.22367030894091622
0.642593798464937,-0.03369803775767677,-0.6064495308211705,0.10766538337506998
-0.0671602556366313,-1.4393118358212456,0.21109831101959828,-0.02911742807495859
0.08719905014686669,1.4762031876736823,0.1966125283035207,-0.1662298249614737
-0.5414760730616957,1.7274682015568277,0.151931064932605,0.14992390848999956
1.5953807492329286,0.3534758646703309,-0.27645069670927974,0.0034743525987022267
0.22695207947891127,0.8585492058360242,0.37229155008792647,-0.2845659523747362
-1.4914935140002048,-1.5375501558093778,-0.040430032643887864,-0.08593676292972371
-0.46468425464079344,-0.12127982380163527,-0.5479023127894695,-0.38306816324714865
-1.3008530176040582,1.1672999154006076,-0.06810067358474052,0.07634115300085144
0.9603794167087685,0.5018607873631424,-0.2197594687839356,-0.2721926860877396
1.4913934100092257,-0.9234424679193043,-0.13872375227106434,0.1606280738110863
0.7978109441838033,1.6066995831737678,0.05705585473463906,-0.18274652537442093
-0.4445994575805541,0.5823941904350143,0.17993227723257912,0.410178587179919
1.2753832292212914,0.15883215541424178,-0.24155047824142944,-0.016487952895379153
1.2799061195445178,-0.35290777827287245,-0.17137984207601878,0.3015443791897243
0.86600029619304,-1.4083139955627018,-0.2706415743821902,0.17112002124133874
1.6006285132028326,0.7041005346785503,-0.1178833988029144,-0.30484945646210576
1.7376303596961593,1.460934350538189,-0.17317598680380242,-0.0010822599454540782
-0.6908732540777947,-0.19002903582538844,-0.23784172831567296,-0.35142678929624005
1.343928946394981,0.786173510784681,-0.15214453709686537,-0.24403400341999548
1.7729567765064718,-0.010145316509265534,-0.0982522642193075,-0.011635337582632223
0.8655427103561117,-1.8280218327151174,0.14823621113413674,0.11041751140282041
-1.1393294498453783,1.2517277958190056,0.009376682190924857,0.36784776912895834
1.2235952079777515,-1.8100831368664179,-0.030370615757116748,0.2605076293226243
1.8352543959153222,-1.0766147708282294,-0.16536886872984324,0.058767998274171396
0.3236656562979876,0.2960705105057859,0.030709884307395574,-0.8686848988266157
-1.555746550680765,-0.23130337390270395,-0.2795973519840494,-0.07936835784282231
0.9543403660952108,0.37653678332607843,-0.3770599139130978,-0.350277135171299
-0.05626929067920283,-1.01763651096348,0.47840622940168,0.0017226843045459045
-0.9627569232746986,-1.8605997209941134,0.2764365674900074,-0.09547641004231264
1.7659656110731041,0.931648397241609,-0.1514032115290268,0.04375259255449715
0.6936887764948403,1.6118062879968145,0.23481523344219796,-0.17061062367815927
1.0011600803766556,-0.5703714868732046,-0.2024202561612101,0.31953954425201825
-0.7601141479814606,-0.5466174912638211,-0.12575651552904973,-0.46940109821656906
-0.7023517363658831,-0.26462559579816425,-0.3266365597578577,-0.29822345376347564
1.9900510736815642,-1.6745569324935174,0.012637715579001833,0.08713761784170974
-1.1644571143488176,-1.1717214437604468,-0.215443829039444,-0.09792905674742607
0.2803273856159727,1.3102230903901324,0.37195235192074483,0.004276839693016246
1.5170501758721202,-0.043039135318729826,-0.33309247210279913,-0.10195046120861065
0.5451599173331143,0.7692840815708744,0.11089587309470404,-0.3525047272541216
-1.8496959753286082,1.9660593646984386,0.0153489889896135,0.1949206319701124
1.1009872585702327,1.7622681277078476,-0.012961121045914348,-0.14452544548885773
-1.6773812127526209,0.04403048999922188,-0.16375739521912996,0.14937068529687825
0.33034505677005477,-1.1411391063930245,0.3103683580003516,0.1774921138906702
-0.09247306378191844,1.3790034557444173,0.4100085476535622,0.050142582793753054
-0.402515606608989,-1.524323272050959,-0.009432038231635076,-0.13261246528514717
0.9878819278893052,0.39642535090005104,-0.18568234219374996,-0.17962361273653404
-0.38873150146246793,0.37378480932660274,-0.13378448587949776,0.6920598134178892
-0.9206717922202143,-1.6086900609545873,0.11525435711582233,-0.07054484392000643
0.9644060543857798,-0.6522613754381252,-0.01656989839676358,0.1983991427695094
-0.8721840530596077,-1.2075054369953788,0.10431273999570316,-0.23736604596742666
0.23209388705406742,1.2571426107972479,0.2923985872008637,-0.15541161330274122
-0.060586843832044046,1.550877874891881,0.1860400831541306,-0.004402563638367916
-0.31346250493590455,1.1685328649888254,0.13667881630330844,0.24086839772070628
-1.3117908367211588,-1.5640698881846715,0.11339169045252928,-0.19410796241518902
1.1458501597770772,1.2964286997370098,-0.0270283342024238,-0.15186860221406084
0.3597076638035057,1.85522878936206,0.1337530096611042,-0.04782690699330941
-0.8236018443101241,-1.854666825128655,0.19481115520735404,-0.0803908429300198
0.8780833737357323,-0.6535349356368778,-0.2617621488515727,0.3274818094724731
-0.8229503457369312,-0.5815926273505121,-0.15118241917828198,-0.277230850806693
-1.567541542574793,-1.9689109031082923,0.0728532450514674,-0.07296774151363879
-0.4569157111626678,-1.009754479897948,0.07427571474671621,-0.1907009252463083
-1.3044942055044944,1.3170174949605418,0.06318435289889651,0.28535266297637985
-1.329487932632032,0.010062059180672822,-0.32855990469359747,0.0743988081324782
0.8696116708353889,-1.2564633308362687,-0.04921442137452542,0.03497454029109329
1.3160650342497062,0.5272735372528845,-0.4451041311984319,-0.14489070940221416
-0.44940601474928865,1.8866762695997394,0.048006452615456885,0.1638717298920329
-0.9191099783711567,-0.018924993126180567,-0.38426162493221666,-0.13253166130115793
0.06363152320970222,-1.3497274510670456,0.29145657811871284,0.0637048918331645
1.6271656476826122,-1.7692781498997747,0.22213070101608332,0.28251156711181913
-0.14461024244445886,1.678546421014215,0.10690677007966783,0.07719664873490487
-1.420183904173928,-1.9569328627567866,0.08270093969755199,-0.3170831289215329
1.0936315495652602,1.9651939346021452,0.18630159116440392,0.025137320628984217
-0.009838546930748482,-1.2115764056605598,0.27960120771509767,-0.01591418038740288
1.588204549994602,1.659689727090698,-0.0879769643956167,-0.20653883961105748
1.3541831391610608,0.12294810722341865,-0.2892326754615318,0.007279659775149196
1.2115571589389824,0.29301764212825754,-0.15054573566707372,-0.16195390131505202
1.2807708734176364,0.8783137437264865,-0.02468158072944726,-0.2170273639609881
0.6472906446222759,0.8692612466203107,0.17063824753049509,-0.3281434427125314
-1.842668033225645,1.6102916850682356,-0.05425825417962303,0.2742912000345353
0.6301795267892909,1.718565031540856,0.1732810611312319,-0.2565299216454161
1.5580849841223126,0.2480134783354151,-0.28340152108575023,-0.12961711739576973
-1.0502336596954125,-0.6484153253654301,-0.46356386014682593,-0.159244920973118
-1.9896079339355959,0.6659960293481229,-0.1331533818156085,0.27165176998951535
0.7567086646552306,-1.5466008933544173,0.04377391135827341,0.17713952633917016
-0.2650847554681106,-0.48555949566890044,0.40460758722596235,-0.6806526956049473
0.608114421633295,-0.35621975004679163,-0.3838474311753084,0.3345155973965705
1.654345867858595,1.3362526903452796,0.0523349114073543,-0.17892642122806987
1.45285919266993,-1.6183907071237638,0.019308408364096315,0.01604582275361971
-0.3734491699247444,1.2927871843030445,0.15107494452960932,0.41942816000706745
-1.2267279801115731,0.5533061128141648,-0.22170122723320335,0.13531691535680945
-0.12826239466376554,-1.5111384925583353,0.27220502105824207,0.0725629413536632
-1.6731712837289567,-0.6153337939590009,-0.18200107932270454,-0.38893745449816003
-0.486185889050033,-1.3016596052947116,0.2034888140732169,-0.2552544428136403
0.1542390100336566,-1.9646195640981254,0.11547688084966838,0.13679800399144543
-0.8179740656579733,-0.5821777239909451,-0.27426246697243273,-0.2023090963547955
-1.2899941798861012,-0.04256522330871704,-0.2998071600447503,0.15698514881446812
-1.6785487086931306,-1.8759309514743499,0.030912723113012505,-0.32243980089403346
0.7983014381188913,-1.7371914643910062,0.1619280117909574,0.18416765817935743
-0.5803063668826458,-1.8096247434518085,0.0587973254237152,-0.1928682513719729
1.9383538842510228,1.8760252458056788,-0.08489082602889292,-0.13346997187513382
-1.6031299623111996,1.452924516856875,0.12500250216928996,0.07553580297593271
-0.8254192341220801,-0.4792375810673155,-0.0434401880120332,-0.1257568952933738
0.17363945398128733,-1.249422846577175,0.35974458987958585,0.11819810067830676
0.6142498803354499,0.4172122726263461,-0.1067292060592755,-0.5709299744368412
-0.39573610496122313,1.0496127009202958,0.2156813723473931,0.2400016163342596
1.4728825606673834,1.7699330492966494,0.10947324086775781,-0.10164392976573905
-1.6480525029825355,-0.26797640929638256,-0.0484332496224662,-0.036813141679070766
-0.07635201215351906,-0.6530352979199865,0.4806170874147602,-0.2553429371498529
1.6914157771747695,-0.18050169605576594,-0.21053100340494438,0.051159973137960155
1.7562398834433948,0.2884100619004526,-0.09367721642095243,-0.03151062794949861
1.2283480862189156,-1.6246213440048174,0.08307494728387142,0.15089325364006861
-0.26029628118250026,-0.6041314545376242,0.36018589687907165,-0.39654715529125156
0.9191091071679525,1.667692156312457,0.0017284575897597437,-0.2439244583128627
-0.4695639725169656,0.8646398591342175,0.12604800757709556,0.353108842244605
0.09988205108322479,-1.1828303406065448,0.21134383110578137,0.009148548504761933
0.025331749187559538,0.27630977210165186,1.1654800839397776,-0.2928431541304287
-1.1842668275282056,1.556566980523845,0.09711334659658119,0.06679311667656185
-0.9887915126966837,1.4604033555375717,0.04264326656309585,0.2877189977034959
-1.2584656095763824,-0.43784495361223774,-0.2960096820583601,-0.16667182829096724
0.7116207761666682,-0.9758661257057768,0.034275405143704696,0.23483398266343755
0.37708778590200165,-1.9481104359556087,0.1937484407333898,0.09496065126570082
0.2911939257490861,0.07039892781930446,-1.061320274616497,-0.6064535793647933
0.1905294490805849,0.09206124357309298,-0.963771698462025,-1.2231267833895012
-1.6821254720526913,0.5909033240423209,-0.2490124762097109,0.15411151621069824
1.9313038876470046,0.8780131336355725,-0.0831495251072484,-0.1409247903589119
-0.6324428190681122,0.7096823976301159,-0.0228436183544478,0.425478332651665
1.5613554107068133,-0.28613992159839086,-0.21332577594641122,0.02205683186569582
1.4585957559695792,0.06798111114402472,-0.11057639994543125,0.01298376831548042
-0.754438445869337,-1.358231043367661,0.21702341953012907,-0.07045435801172262
1.2423967249433252,0.38914071438858366,-0.3132237775861584,-0.31807139649710087
0.21848973491577128,0.8662686595253937,0.18497583082102007,-0.14268965382579346
0.5758441283750066,-0.9358323319447592,0.11214868259801737,0.25640937634646693
0.008040436388268013,-1.051303530467758,0.34829195423080117,0.13809484206435182
0.13698148225588502,-0.12421011873850674,-0.1740790767929021,1.8966157276653008
-1.3041965225996477,-1.4205993720130876,0.03927225446908499,-0.35068375559430986
-0.37334867945749073,0.9505374240245308,0.40427213595106926,0.12231059091167497
-0.731064626374407,0.5018180640899712,0.033639203296772696,0.3279537096817141
-1.8523420524924505,0.9322391728172108,0.03196905050892648,0.08646106418173327
0.6194645588365915,-0.26622095824323155,-0.42627763141795116,0.4021441266889721
0.874774814760813,-0.5606670461055447,-0.17951138738221822,0.3260426877423673
0.9738579655678099,1.3660640037221738,0.07012711019153285,-0.08142119527148692
1.9945441725963073,-1.943449871150713,0.13276087401024594,0.20512126090479235
0.9486957531356222,-1.080885147407629,-0.17363988837590616,0.20635168807788695
1.5803770873321397,-0.8064816417510783,-0.2300736941607634,0.1925260286020664
-1.7837682087327487,0.15891253413347917,-0.11284183123839993,0.12689487551156234
1.3226286986625961,-0.5280699941479909,-0.055762987852959425,-0.006897723700524772
0.5221994667518843,-0.7081602744511883,-0.03519033094377991,0.22953856390833827
-0.5453922649480747,0.816565277858142,0.1995929451395858,0.43948223483166976
0.11753861304004731,0.46180122070030905,0.5436436541712643,-0.37565673913588404
-0.7938844758082411,-0.5630467258581571,0.0875322871132804,-0.27845351140009456
0.8926400512981401,-1.526616989914515,0.14324653244975302,0.1356643075354364
0.8150205262012005,1.709174231757773,0.186977566251789,-0.22271957147812038
1.152820920125107,1.4877574380895138,-0.1274814916552076,-0.11142351780692651
0.6594089501004743,-0.9521044500282012,0.12564039109343988,0.30841744343760363
-1.50720074033815,1.112807574551383,-0.1298731736176379,0.11580799796235108
1.9671106809067007,-0.9262806853447185,-0.14233703211168913,0.11664484673013614
-1.2790135553241586,0.27919201964409934,-0.3079977769679385,0.16708425098355478
-0.3619746269246171,0.3702030012131563,-0.08483469847678667,0.74730388933572
1.7641884353620396,1.6007444570338043,0.039822068546635093,-0.10340349985600836
0.5981269467014836,0.7180429855346775,0.037463659611585404,-0.3598362191916172
1.2153160940410435,0.9675643960202986,-0.14200277731548352,-0.35965640841663316
1.982775675695271,1.6915240150543407,0.06922894691959598,-0.17810823660865394
-1.6374973849650067,0.372478310991192,-0.2537812849078711,0.10247899303119545
1.2497919352726945,1.4389961180305764,-0.11009080219072795,-0.07268009713994783
0.7184249154526361,1.4427006940979612,0.1179939759663661,-0.03779891918389219
-0.9292728754051773,1.6905950946839976,0.15332871051050795,0.14678456654723487
-1.578635743221175,0.2327188931205213,-0.2683835622455162,0.02150281971212084
1.8457436362607402,1.944335952549228,0.13827254925400634,-0.22403768592119638
-0.36084654558544704,1.6158514111115427,0.17860544897514002,0.26066487555099377
-1.1849296700107481,0.21752919846871288,-0.2392021165496997,0.010508237573100487
0.96796918791736,-1.5311570696373216,0.03114392377626829,0.008134286173415273
1.141762536987883,0.018848074282993732,-0.2835735911878829,0.06215271445428666
1.3113172192967135,-0.5708759103162975,-0.3160124704856432,0.2725686567605227
-0.47180089741663567,-1.6735547142351255,0.08416391393092447,-0.14553527063546592
-1.8926318760638652,0.6099979669342184,-0.08749195674657548,-0.004746082282668207
1.790909788516033,1.084731080285251,-0.2344105943933838,-0.01943863139420668
1.8929472267215925,1.0678497689293218,-0.2636961844534813,-0.32995986039850594
-0.025876628992493433,-1.5322346625694454,0.22799414910372787,-0.20785645726663404
0.10208556069148944,-1.0326439304879145,0.48664313074051324,-0.0516150736668982
1.8850215596484996,0.9086779529720657,-0.1238068275291977,-0.05454928185500159
0.025744423129482108,-1.863454675643759,0.1730492909280552,-0.15275527502211553
1.4504729864907975,0.26461572119528043,-0.097865923254401,0.1355638701210613
1.515511600138506,1.2317247458062761,-0.035276441779240345,-0.3041464317505971
-0.6580370451335997,-1.6292949569498232,0.20759164774123284,-0.035842113569057685
-0.49138588684106255,-1.890140292014027,0.18756403215889705,-0.030373125065697358
-0.19411132536259101,-0.6173378963999974,0.47452262650479177,-0.2359323330565791
1.4893368101745157,-0.5883243854838622,-0.20622009270342906,0.08717586898812127
1.2378800578315925,-0.8078191727367208,-0.16588570744372863,0.31919576959030405
-0.1333740416998488,-1.8736971150940325,0.19884212387076217,-0.08207112068607461
-0.8902076885676697,-1.8922911038471435,-0.14302034157816543,-0.26741514088518026
-0.07941522849337135,1.0527710817907394,0.24609478852881822,0.009172879412061102
-0.4871269065011763,0.47258036289870864,-0.13053246673163393,0.5960568809963362
0.11008313714438467,1.521517060552958,0.39738760224283587,0.03197079158655354
0.6259689116400984,-1.8580312871377234,-0.025122222382294918,-0.03942492533196232
-0.24867639220945792,0.18615989219834983,-0.34075534059103973,1.0429237843125119
-1.2822664550241663,0.05360082037715541,-0.10348093521837828,0.21715327454642014
0.07667179591329365,-1.2233437691564082,0.30174369080811886,-0.03659216851922387
-0.45596850446067094,-0.5758353453323433,0.1728306341615528,-0.4889508301327796
-0.9957344294182411,1.5077868986160503,0.054757264974834394,0.11566386701364026
-0.8041861053622963,1.3384450134588848,0.14959678727214082,0.15268926645176015
0.513180966903132,0.8625163169823011,0.23249071180550251,-0.2445536619034565
0.3311412295179639,1.197432580456093,0.22779070948869098,-0.06769620182354935
0.10313052194723449,-1.1306900541371747,0.21239249944400512,0.09896467195027855
1.8912910740027393,-1.6922906057537106,0.06286372799974399,0.0789118317306712
-0.18267350260066983,-1.7721626743513874,0.15625146984532565,0.005545438919536391
-1.594075664912772,-1.6953086146353606,0.07904649065816673,-0.08231500809825093
0.640272010038827,1.4218193513511057,-0.027468635241952755,-0.05785623733656181
1.439107508037289,-0.12296719548956192,-0.2856540223084401,-0.11720317391015495
1.1102665673445995,1.5820889861650254,0.25985878496497883,-0.1879975786598116
-0.1371888185513237,-0.7514020158130355,0.4391143281798604,-0.13083421295817843
-0.11020604998744288,1.2523145253642443,0.07470329978332724,0.04350336266848225
0.5411270127801249,-0.6009359951833027,-0.07977751085696741,0.3779651502315303
0.2872743345705393,-0.1777058709782291,-0.3712437287023918,0.849123197675586
-0.6559213902466787,-0.4663139079167067,-0.06092809870830329,-0.5298446642459258
0.8197920178430413,-0.49397922399850547,-0.168991422587144,0.4323505774342328
-1.1408417458475553,-0.46093023994885174,-0.2569004685941076,-0.15423802338259865
1.205168955297773,-1.2555011095963606,0.03456810879427212,0.32543722163104327
0.8766404362064617,0.5032077192189144,-0.27013767352366835,-0.3586214116878737
-0.91954980450739,1.6272551721298272,0.1571656797726587,0.004751816019513994
0.4079135318838949,0.4879022300901914,0.2064067714175806,-0.4398963856335218
-1.50447211608537,-1.5243800075412817,0.02495027715127206,-0.2549986564081445
1.0504723045722861,0.7707161743106927,0.11949741117547497,-0.24259693666566828
0.09511117537935787,1.7641722350535316,0.1231089393430869,-0.015735084349614993
-0.4229164287538869,-0.09933926972125873,-0.7650565098887627,-0.3856799875753701
0.03726096873750917,1.052590325248656,0.6019416220697177,0.09599317702863651
0.6837184276473209,-0.1594671788683204,-0.19546327257107549,0.2529616972718979
-1.3955390796012912,-0.10489893084338231,-0.18759951144442838,-0.17210243685480978
1.2429162940203442,0.9020984457744357,-0.19422008767049373,-0.22729052832038682
1.384737846158163,0.05018212341180428,-0.4419641956212731,0.054485998260915755
0.9343310011462154,-1.7986968782813522,0.14932122450186508,0.21779244838400127
-1.334125239133976,0.6367853082887955,-0.2697844093188238,0.08415237056774617
-0.16308650857669527,-0.13375279153145136,-0.489112990418348,-1.750277706123804
-0.29914443570204297,1.298737333008726,0.2233153821548093,0.23920302619670147
0.3085978942337899,1.8098229944881652,0.307973605172704,-0.060391708519660976
0.027038090826903893,1.7087552937332404,0.33508759899963925,-0.07552790485431836
-0.3886529759914792,0.6226473843811595,0.2731654899880481,0.3637800552271676
-1.5342650855297095,0.9893909494035373,-0.1256408616939414,0.2951383975367817
1.5512407602627514,-0.16463635441828117,-0.17238141682394464,0.019215320405120792
1.448631684124011,1.635259785157451,0.06336918018531545,-0.1055754325269403
1.0838133838220982,0.26085692036759767,-0.38068189054822665,0.01868246832775411
0.060708797104900736,-0.2249910180989798,1.432170420794354,0.7723530947934042
-1.6877405580393798,-0.1520641696103513,-0.2585926051839419,-0.27844590120887314
1.5457397669268311,1.7019382822411422,0.037579241626308026,-0.0718996364782058
-0.7526855466478666,-0.8103572566109318,-0.1899300128069538,-0.36804697601655934
1.4475553866909223,-0.7136853074030904,-0.07315997070550578,0.170751287895307
-0.2505754811546299,1.6612674672305294,0.2251321862763575,0.20015687650118238
1.14277550140896,1.4290733620091984,0.06853296960067447,-0.1610025110348402
-1.2416348345418382,-0.3728686860623065,-0.42891407194034614,-0.3205549524998662
0.3622785635388084,1.2859668500475134,0.26272868567907315,-0.02225142053512616
-1.7202425183770944,1.7076804793182019,-0.05396524891211296,0.14296278668760862
1.0188333913936627,-1.3510516919406061,0.019499087466361836,0.2304242493889269
1.7575651971068567,0.592114814131663,-0.27018681831823854,0.0034881527596605927
1.6952714262954256,1.6194168251793135,0.03832764291234819,-0.12997869791858208
-1.002544078767437,1.5882975590036832,0.04251733160026219,0.14354887027927873
0.34539760524414787,1.2914388586022643,-0.007645554732353066,-0.21333385516068643
-0.012915514695060804,0.621514007312443,0.6878946441719194,0.02235787531694439
-1.9424384960268024,0.14348977581502842,-0.19313577613043598,-0.012592639407252033
-0.7741673464624057,-0.3776683344493952,-0.024182067649679728,-0.3625487731543941
1.3995638834676223,0.17934878061262616,-0.25906769521281797,-0.005069658072221324
-1.9152999081822655,-0.8355376161647201,-0.06757304226196773,-0.1401875844515498
1.675898116111438,0.127677281091223,-0.34368266007798737,-0.04920187411555367
-1.5012573656141375,-1.620507238319524,0.0652808990584869,-0.17325558986902156
-0.5591072673243627,-0.9076216521410352,-0.026738806721532005,-0.20808006643559585
1.8767732715281045,1.6923617235818549,-0.09196987679585684,-0.15611131533753927
0.5283470638587242,0.1773385082211112,-0.5720291582565021,-0.3745180393302924
0.9272915159854764,-0.7295976030514928,-0.07225406372078912,0.25100371762799817
-0.8974240438961703,1.5562347926276683,-0.037102340241016274,0.25086187146563477
-1.3077912740178923,-1.0557690666928283,-0.14367271662725067,-0.20150047907825572
-1.5972891323206446,1.2506015365676553,-0.09664167014299402,-0.009727180887900616
-0.8649453622948347,-1.9856576072951309,0.09483187364060455,-0.1286748336825301
-0.44584779589117174,0.4061422254769256,-0.17987295759096084,0.5442738968186214
-1.650701327698929,1.4354022128048047,-0.09224668834127765,0.04998261415301858
-0.9447116119739678,0.17932499522742562,-0.43900054754344175,0.17099284178153104
-1.73406167189186,-1.1657246420035605,-0.0014502860428816655,-0.009793315201714808
0.05917200217926988,1.4391656881863693,0.23084708331830642,-0.07941582991410223
-0.9128088495879241,0.2789910229250432,-0.36806498611371036,0.15400650007362687
0.9733280929631207,-1.3697549449555537,0.11740173381638552,0.43098535131055593
1.1047032030608386,1.2679462907256278,0.07312386214932177,-0.17403893893394648
0.44978570065305057,-0.6088166151949634,-0.03771526901070771,0.36131230103263146
0.5306604870739853,-1.5567527678538329,0.20743595992617556,0.08763560409498322
-1.2869868047084072,1.781307429680138,0.03395850850047995,-0.03027499688898211
1.6088832106075195,-0.22537808233310175,-0.16826712429504828,0.16859551161607217
0.7992994845516646,-1.163410982357083,0.003650170047857282,0.20434764136158806
0.40371052217791137,-1.8751557321791195,0.054975025875024786,-0.0048814061631701905
1.9304102310072122,-0.31592450705831254,-0.17154687159718293,0.08528465571792065
-1.938607884229444,1.7870786352521573,0.0912940969850882,0.16954315285453692
0.8490743311418245,1.7335172330317934,0.2635452678339402,-0.011567387018711711
1.8178570670671408,1.8267611995652797,0.09770154300517431,-0.13263672259265724
-1.6913978231119495,1.26027422840906,-0.08531996990796128,-0.11853913978500252
1.6165746320600745,1.9416581746262702,-0.036623386613143794,-0.1113795501640505
0.43621835478918136,-0.4793769773143084,-0.00944020993544338,0.5936754911330993
0.6009741150095045,-1.2745770246821388,0.033528254199524654,0.25266235460006753
-1.6914197467799865,-0.7429755483195057,-0.11962064824902548,-0.007729308078302355
0.7939745458860621,-0.8666859873303241,0.05724684507825717,0.27708198939450623
-0.7457920045172446,1.3018190856708238,-0.058942569464258576,0.24655263722677548
-1.8914745855395556,-0.8628769457925145,-0.01934815016396428,-0.1853159106638915
0.6413941928990075,-1.6602262298594095,0.1459002285578719,-0.0634451570235745
1.5259170496805683,0.7732727469398109,-0.15486904363940238,-0.27462861266501104
1.7055015824419528,1.7999414977931427,-0.03164907785000589,-0.22565496669024207
-1.3104316256523472,-0.7563774733587727,-0.18824506550939074,-0.25893822534265254
-0.26434326991124246,0.37243306982336577,0.2994998306902957,0.7378237298959281
-1.622282727437311,-1.348037885454719,-0.030864854700385094,-0.00836266840128741
-0.8824430781323489,1.7110458016305357,0.08616963655485578,0.2712004587164761
-0.6708288668381406,-0.8183080702767604,0.11947576341984659,-0.1843911239266377
-0.7530678777217714,0.39019024041260764,-0.2421351509269579,0.4776603095473707
0.5116198832052512,-0.7029339531106973,0.08960734170234247,0.6033067779780604
-1.974877986067915,-0.7314460158091016,-0.0331638851030715,-0.08946177871366891
-0.7190823739011964,0.04173977666699358,-0.5983982303115679,-0.040239588115777616
0.3229922883288525,-1.340101912699951,0.12509908275451317,0.039818995032418064
1.428419712401026,-0.27751346085857964,-0.3113951230406911,0.22166955466921753
-1.7425408040536734,-1.8261929850119216,-0.038019036163386595,0.041818606188085916
1.9704027281276693,-0.9302182240492423,-0.07946124565163548,-0.09882169078958314
1.7314961952197576,-0.8436396430749169,-0.18975616496288622,0.25171477445440926
-1.8995115883120492,0.907113123533184,0.05259874149123889,0.16853769308159952
1.0457167513742798,0.9351103624745556,-0.283593542091564,-0.3146796603190171
0.8508605475804258,-1.855101727830336,0.10428250257052883,0.19116056649102844
-0.11064112100583179,-1.1557403304788054,0.20127672407937924,-0.12035018286528273
-0.8474458636159423,-1.8217230483390825,0.13774231911352489,-0.0745767988648659
0.5793142590715026,0.2886456907262822,-0.2254430617774183,-0.4690203984240233
-0.2029861767365304,0.9675023591940182,0.2265551431627339,0.08188519914775905
1.0443592185596353,0.6135672163199897,0.07265453644255065,-0.14112663634524503
-0.4577889101838677,0.4200919425139116,0.04585497955710481,0.33004739856555537
-1.9712310704279834,-0.7567925171888912,-0.041077575533629174,-0.0850806590412624
-0.18721314937019873,0.4018386136656744,0.5764283567726249,0.6221514574619875
0.5027755921683852,0.32631706550524875,-0.15098206909042744,-0.368084724494419
-0.22647707776420356,1.1901861716023463,0.6293814434091014,0.19851710211064377
0.5928722614521069,-0.5151638113520436,0.05538715291820191,0.3249895986612512
-1.1583382231004076,1.1462853220437768,0.07359325563172553,0.3073845708086502
1.8132274913678068,-0.4828178242008194,0.10769215424349177,-0.005308645410589327
0.38136383032150833,0.5466376364556669,0.20140015080695517,-0.3722823444994874
0.9429321805934965,-1.1900747476726998,-0.04413126456847734,0.12264679878224122
-1.789639540504428,-1.6877568951984427,-0.09669874861968503,-0.16835812246435888
-1.4774545110829185,-1.2803078117744273,0.048526515851031904,-0.22403347590378556
0.08078442383873119,1.8844489760081404,0.2767696626425521,-0.14066799261773522
1.3596683685335522,-0.05876283202077026,-0.2367333302347151,0.024445096862295672
1.0295257860551024,0.7771256655869232,-0.25275395866564404,-0.24715893130308947
-0.18749155019772168,1.8250402833823034,0.20304807221213036,-0.026827026631745174
-0.12832723964050752,-0.2902536229216861,0.7053424673698278,-0.8268557195252536
-1.5798460087796329,1.9567582683646352,0.1618255663403504,0.07383357321325021
1.8533626943219446,0.01030163024784514,-0.15183857021763547,-0.08834237001090285
-1.395402349949448,0.27801535767947083,-0.19256581551613122,0.15861402946174402
0.3986601666394449,1.2168907913971987,0.23095266631712175,0.029359957048719604
-0.3231703692153416,-1.7310995059503802,0.1848817340179679,-0.02008875754657373
-1.7510262376732038,-0.7343320809259715,-0.16144095112290416,-0.26253630686225293
1.8233407819948235,-1.8445710042297585,0.04031360490566906,0.13726481595983506
-1.7603116110649948,0.515154056544207,-0.38008700132649476,0.09425854784529067
-0.13138436810275378,0.6047937478642211,0.5370676032071489,0.3350451878246711
-1.9900109304051843,-0.8158724880609882,0.007237247283796849,-0.1184402085979712
1.4585740762615211,1.9690701627848042,-0.022305442515349133,-0.18545524026344715
1.3599251032943918,0.18096030326876633,-0.2628926022351261,-0.05523207566048902
-1.1727977447059672,-1.7542970470854926,0.12296641911197748,-0.12162609795778333
0.9037695719002206,-1.4115824421172083,0.10827626492152302,0.011661420018524465
1.1265886683786075,-0.5311614443760893,-0.36844063912560165,0.3048930572492607
0.3079171802402243,-0.7378843149717769,0.3870261026195182,0.2742081625967049
0.8633526503711,-0.6826195935506036,0.041893652991928224,0.36546041385470374
1.5840157960663177,0.7447023802469812,-0.09578190638897546,-0.20253302257189754
1.3174909812556233,-1.2349786306813053,0.0659956800312068,0.09837452703171627
0.06369848109897447,-1.3885423256723781,0.23054593105255466,0.09851281465807349
1.4517525694844098,1.259938305140993,-0.10326930594751105,-0.4088759666871826
1.0156961656435146,-1.3248033719035996,0.1158415471878976,0.19191777221383732
-1.03559371014141,1.726069797775037,0.035838359112351975,0.1461955201651262
0.7640697650904444,1.442683407571176,0.0769364568190451,-0.27616918712526095
0.6418948815755892,1.105406698132457,-0.04498132343688799,-0.24480684921196158
-0.8426382840687205,-0.5764362679583988,-0.1564420617491804,-0.38461741896314716
-0.32362036858611454,-1.502642436533951,0.10331291497399066,-0.02390868732326648
-1.6239764518548574,0.5528098160344666,-0.20950415667041522,0.16160417830725363
0.1791348213049324,0.8661892360462087,0.4222117416287142,-0.15534634309514103
0.1583795091865623,0.746291435102147,0.35583231524428544,-0.21520537646984217
0.4193861051183325,-1.8246260026786518,0.041043767521848185,-0.08502513614840473
-0.3094009170101093,-0.04126292135731102,-1.1300039633714885,-0.22351359344839256
-0.3552368369130061,1.6793472174352626,0.08532626862039666,0.16570915002468864
-0.8039363746116717,-0.7889291108252303,-0.12271397636824932,-0.39466473498168586
0.4657432033734845,0.9540734224446017,0.15266114442528547,-0.1685366459987806
0.4125476876478933,-1.738165040886535,0.05553398967859785,0.2352222571454921
1.3856636453126243,0.2102781323367906,-0.15665798505904185,-0.08593282935200505
0.22617801455151243,-0.3638146037195047,0.22461289047626723,0.8355986159832052
-1.6292157160707057,0.28889142178982885,-0.20985117336865314,0.04909845276792863
0.537245898483671,0.32720431147950535,-0.07648111883108921,-0.4383298663592178
1.2169142561005026,-1.4093665815981553,0.263430039173418,0.13852516995120867
-0.932198070168583,0.7163358224097731,-0.036079128830230234,0.5212214882735993
1.1048461182085623,-0.4062122722023709,-0.14603790897572938,0.42054151776018855
-1.9236297376302511,-1.9706179554311016,-0.1018203412052382,-0.11657826766974953
-1.037809990988011,1.0343656031509414,0.022942741329568226,0.26699175095148936
1.759351462582742,1.9216883475225215,0.13198625834016015,-0.12443637911877574
-1.7912776673760975,-1.4015307063393312,-0.14930623230328166,-0.23284662531366326
1.4967661018778617,0.3384784885269365,-0.1111729102813726,0.007092849617513608
-0.6030164085637852,1.2428357154812737,0.12301737291663681,0.20123362276330245
1.1335704888295175,-0.8957613911071132,-0.018455672115099478,0.3809296876349364
1.286564243651629,-1.4185399125569873,0.049148385285281974,0.06938312813922255
-1.3505464143339454,-1.550474388378495,0.15305938498179536,-0.176171536366828
-1.2218013815016828,-0.38241367803640225,-0.22873210190853038,-0.2474812742875085
-1.6408456133212965,0.0171074571386165,-0.3646718006579185,-0.022317983487427685
1.3128541500587465,1.1428904366577157,0.014458392151695205,-0.20773835069913185
-0.6894467606790644,1.3266436572034088,-0.015592134197851326,0.28877841255429393
1.1653648857571888,1.1605394379494403,0.02880729802173093,-0.23779728406098866
-0.4528079581188442,0.9420989649633507,0.23118296021295334,0.25978953263997573
0.7503464049928454,-1.2525842145996773,0.09068303684209403,0.2407912247996387
1.1202161673697222,1.1292081545810158,-0.00840182349769433,-0.13530588388515494
-1.1443748229988704,0.585214211729205,-0.20510181054255627,0.1574581547071469
-0.06963471799180132,-0.6574113974165732,0.5806012549282982,-0.18421233866671965
-0.1609544729145891,1.198929271625535,0.1365740314261921,0.1470826548317828
-1.104169855979185,-1.2696196834124516,0.0631638913962643,-0.12418541380002
1.1876758725990793,0.4882365587961277,-0.34331159049447757,-0.20945950000616395
1.8181190121515227,1.353966195095838,0.07071306890692391,-0.055103201607642247
-1.6905601927263283,1.9518125572528717,0.11937648347137536,0.2213674118729217
1.6023722828799158,-0.8241863626495887,0.011759394631872908,0.21284688816082692
1.2305624182447774,-0.7850493411524146,0.0666249910902206,0.1044362563058629
0.4639251523110226,1.3415701867534282,0.06661507880217082,-0.11770148414128614
0.6329673683011023,0.4261568023600857,-0.18233580961160237,-0.45922971020586956
-0.00496065869221729,0.09532267611598177,3.61413375227177,0.2631567440283375
0.5017241014213174,-0.8982657690216738,0.29807743658748387,0.46603009550270785
-0.1983782053342007,-1.163889927863508,0.17432849385631394,-0.26973653444601897
-1.4556157288911225,0.4359529945187619,-0.16643298262179634,0.21690510151371253
-1.7228119580578922,-0.797123177259095,-0.0197725378477539,-0.05925122109933513
-0.022984843636846275,-1.451509796812629,0.2760288727414477,0.009782007174028093
-1.9640360702324977,0.5902484332330546,-0.09853474592523775,0.09850705928028294
-1.6138571055918458,0.709136459528775,-0.1244213219720816,-0.08253685192499174
1.2120071250034679,-1.514290767277243,-0.2595007171859482,0.20892465201254815
1.839740888552769,1.7411925184281252,0.19535200754380955,-0.017434145588094016
-0.8501174672260841,0.05274966712072304,-0.32252151422127157,-0.08962824767758679
1.4808115177452064,-1.6284573217192393,0.13902618073520395,0.1974935805001054
0.879748008361068,-1.8849409320695174,0.2510595565468316,3.599275486323994e-05
0.6190599968343373,-1.1430037685636645,-0.012511383432567025,0.10282613975801588
-1.72080916566069,-0.03775020281448782,-0.25650264203335327,0.0622364651032203
-0.636814408044724,-1.4662095935482538,0.0939773531727719,-0.15759864789713598
-1.2493915880603303,-0.19361563497077583,-0.3348785656512779,-0.006144014240636847
1.2527026455764854,0.6013445344092072,-0.19010726798734187,-0.20269149044905582
-0.5574618478311439,1.4138431176272799,0.12843972320826044,0.0024939856081557243
0.5372465279201939,1.2601627941439575,0.21512859595164358,-0.11539107703507502
0.8708687378754334,-1.7015962234482815,0.18864360106887257,0.10933245522876589
-1.2449706309214088,-0.48395624247218993,0.013736525473423106,-0.003410250175916313
1.33121181419093,-0.5194084150628555,-0.047651949179203734,0.11281502505432993
-0.6541178917616652,-0.04134551629550254,-0.5226402560760629,-0.033202969502323286
1.7040595699275913,-1.2391365098157494,0.027908285199766125,0.10815925561265886
-0.5263358713915727,-0.34248555432140204,-0.14700582522153022,-0.5313991745221394
-1.8787236646287955,-0.2890761727785738,-0.30627153047935496,-0.10866771444435061
-1.2930355044516308,-0.43990667193672595,-0.205375777056212,0.025205652339805096
0.8296539216702539,-1.0899895182280375,-0.09516980527854091,0.3445300913429342
-0.851021019938417,-0.41946234907159097,-0.21080785643189306,-0.42626677988417516
-1.9115529143321202,-1.6196286365877524,-0.07936372969736633,-0.30788501733597184
0.7197124402895705,1.6181330382403436,0.18556421226264613,-0.16256876505404283
1.45254977172781,-0.13760036983036006,-0.21708249890778628,-0.12195911227170764
-0.8046585806573185,-0.9920902157927687,0.11007601578650647,-0.19917764399218418
-1.1477617406588507,-0.47680855658507193,-0.31259024508347877,-0.2650029309740713
0.6219050797807486,0.8337074110983389,-0.002367298625448558,-0.3880737604823132
1.965442563140233,1.4367271188338973,-0.19343863383957816,-0.05046118399301702
0.591517649196073,-1.3374915662589926,0.3026187581097407,0.26119749553631116
-1.8657759658669795,0.5488403629608962,-0.22741282056547724,0.27093266041609443
-1.875911669798421,-0.9820598358029806,-0.02658158276915687,-0.3475183884772709
0.30374190035183357,0.19305910630385625,-0.3582105579920265,-0.8452699707359158
-0.7478757250373529,0.5388377237857651,0.11937208661931056,0.09590888589458874
-0.028360632405401542,-1.2819572297238877,0.3442457257450327,0.08221377499114069
-1.5139075188806252,-1.4845321375902842,0.05762016158932633,-0.3221858937305523
-1.8477860639990262,0.3846653923922694,-0.12123469079983332,0.1242711738172509
1.1414746127589246,-1.6213981968868532,0.042651976304891516,0.19125542283790645
-0.9316654913920464,-0.10252647501975076,-0.44959241270950295,-0.04644283226080895
0.5530706495410915,0.8408393603015543,0.17536985689598653,-0.20348040474290974
-1.4426534705311003,-0.15326244353700424,-0.23110665184237034,0.05490637433303734
-1.9120275517190684,-0.23972186054692912,0.03589858289526693,-0.04675984269708418
-1.3766718521460417,-1.8532760203953038,-0.10043833093890878,-0.2073331858838037
1.2912792419508907,-0.5582524894363532,-0.1629327911038586,0.25275913290468555
-0.08363862399137867,0.15627916067633985,1.0074255265015175,1.398114420498086
0.8610907456598738,0.3142775170716199,-0.13867283347791104,-0.312425941106913
